competition,lower_bid,upper_bid,CPC
0.06060606060606061,-0.29230769230769216,-0.2717149220489979,0.14166666666666664
-0.06060606060606061,0.19999999999999996,0.25835189309576817,0.3
0.18181818181818182,1.1538461538461535,0.8775055679287306,0.941666666666667
0.30303030303030304,0.3999999999999999,0.34743875278396424,0.35833333333333334
0.30303030303030304,0.19999999999999996,0.18708240534521153,0.46666666666666684
0.3333333333333333,0.846153846153846,0.5790645879732739,0.8000000000000004
-0.12121212121212122,0.10769230769230777,0.05345211581291744,-0.03333333333333337
0.21212121212121213,0.2923076923076923,0.09799554565701547,0.37500000000000006
-0.09090909090909091,1.0153846153846153,0.34743875278396424,0.9500000000000002
-0.3333333333333333,0.15384615384615394,0.16481069042316243,0.6083333333333333
-0.15151515151515152,0.18461538461538457,-0.04899777282850794,0.40833333333333344
-1.5757575757575757,-0.9230769230769229,-0.43652561247216043,-0.6583333333333335
0.3333333333333333,0.9538461538461538,0.3830734966592427,0.525
0.21212121212121213,0.7230769230769228,0.1336302895322939,0.3083333333333333
0.15151515151515152,0.5384615384615384,-0.062360801781737245,0.4833333333333335
0.24242424242424243,-0.27692307692307677,-0.267260579064588,0.4833333333333335
0.2727272727272727,0.4615384615384615,0.017817371937639215,0.09166666666666658
0.21212121212121213,-0.06153846153846141,-0.062360801781737245,-0.17500000000000002
0.21212121212121213,-0.06153846153846141,-0.06681514476614715,-0.17500000000000002
-0.5151515151515151,0.4923076923076923,-0.07126948775055686,-0.15
-0.5151515151515151,0.4923076923076923,-0.06681514476614715,-0.20000000000000004
0.12121212121212122,-0.35384615384615375,-0.23162583518930957,-0.12500000000000014
0.18181818181818182,-0.18461538461538457,-0.21826280623608027,-0.28333333333333344
0.21212121212121213,-0.0769230769230768,-0.11581291759465488,-0.1333333333333333
0.2727272727272727,0.5384615384615384,-0.16481069042316263,-0.04166666666666671
0.21212121212121213,-0.06153846153846141,-0.062360801781737245,0.03333333333333337
0.24242424242424243,0.32307692307692315,0.33853006681514464,0.3
0.24242424242424243,0.32307692307692315,0.33853006681514464,0.07500000000000008
0.2727272727272727,-0.04615384615384602,-0.20935412026726066,0.12499999999999996
0.21212121212121213,0.061538461538461584,-0.18708240534521173,0.06666666666666674
0.21212121212121213,0.061538461538461584,-0.19153674832962145,0.06666666666666674
-0.30303030303030304,0.7538461538461537,-0.5968819599109132,0.016666666666666684
0.12121212121212122,-0.04615384615384602,-0.22717149220489988,-0.016666666666666684
0.2727272727272727,0.8769230769230768,0.2672605790645878,0.5333333333333333
0.18181818181818182,0.5230769230769231,0.0,0.2583333333333334
0.18181818181818182,0.5230769230769231,-0.004454342984409903,0.2583333333333334
0.18181818181818182,0.5230769230769231,0.0,0.2583333333333334
0.21212121212121213,0.6769230769230767,-0.004454342984409903,0.29166666666666663
0.30303030303030304,0.18461538461538457,-0.08017817371937645,-0.21666666666666673
0.21212121212121213,0.32307692307692315,-0.013363028953229508,0.016666666666666684
0.21212121212121213,0.33846153846153854,-0.008908685968819607,0.016666666666666684
0.21212121212121213,0.33846153846153854,-0.008908685968819607,0.016666666666666684
0.30303030303030304,0.43076923076923074,-0.20935412026726066,0.016666666666666684
0.24242424242424243,0.7384615384615383,0.24944320712694878,0.09999999999999992
-0.7878787878787878,-0.5538461538461537,-0.6369710467706013,-0.37500000000000017
-0.7878787878787878,-0.5538461538461537,-0.6369710467706013,-0.37500000000000017
0.12121212121212122,0.7384615384615383,-0.062360801781737245,0.21666666666666673
0.09090909090909091,-0.12307692307692299,-0.17371937639198223,-0.08333333333333343
0.21212121212121213,-0.0769230769230768,0.1603563474387527,-0.0583333333333334
0.06060606060606061,0.09230769230769237,-0.062360801781737245,-0.008333333333333342
0.21212121212121213,-0.0769230769230768,0.1603563474387527,0.2500000000000001
-0.2727272727272727,0.7538461538461537,-0.4587973273942094,0.10833333333333327
-0.12121212121212122,0.07692307692307697,0.04008908685968813,0.016666666666666684
0.30303030303030304,0.7384615384615383,0.45434298440979953,0.4833333333333335
0.18181818181818182,0.5692307692307693,0.20044543429844086,0.23333333333333342
0.18181818181818182,0.5692307692307693,0.20044543429844086,0.23333333333333342
0.21212121212121213,0.43076923076923074,0.3429844097995546,0.2666666666666668
0.12121212121212122,0.23076923076923075,-0.1469933184855234,-0.02500000000000003
0.2727272727272727,0.6153846153846154,0.1247216035634743,0.09166666666666658
0.2727272727272727,0.6000000000000001,0.11581291759465469,0.11666666666666661
-0.5151515151515151,-0.6615384615384613,-0.7527839643652562,-0.6166666666666668
0.030303030303030304,-0.0769230769230768,-0.10244988864142537,-0.09166666666666677
0.15151515151515152,0.43076923076923074,0.1380846325167038,0.3
0.15151515151515152,0.43076923076923074,0.1380846325167038,0.15
-0.36363636363636365,0.015384615384615396,0.797327394209354,0.17500000000000002
0.21212121212121213,0.061538461538461584,0.16481069042316243,0.15833333333333333
0.21212121212121213,0.061538461538461584,0.16926503340757232,-0.02500000000000003
0.18181818181818182,0.09230769230769237,0.20044543429844086,-0.06666666666666674
-0.5454545454545454,-0.0769230769230768,1.4877505567928728,-0.18333333333333335
-0.09090909090909091,0.43076923076923074,0.1291759465478842,0.16666666666666666
0.12121212121212122,-0.015384615384615396,-0.1603563474387529,-0.06666666666666674
0.030303030303030304,0.2923076923076923,-0.1336302895322941,-0.28333333333333344
0.12121212121212122,-0.15384615384615377,-0.1380846325167038,0.03333333333333337
0.09090909090909091,-0.015384615384615396,-0.3073496659242762,-0.016666666666666684
0.09090909090909091,0.0,-0.30289532293986643,0.05000000000000006
0.21212121212121213,0.061538461538461584,0.1603563474387527,-0.02500000000000003
0.21212121212121213,0.061538461538461584,0.16926503340757232,-0.02500000000000003
0.21212121212121213,0.061538461538461584,0.16926503340757232,0.15833333333333333
0.2727272727272727,0.5076923076923077,0.2761692650334074,0.29166666666666663
-0.696969696969697,-0.7999999999999998,-0.6636971046770602,-0.43333333333333346
-0.696969696969697,-0.7999999999999998,-0.6636971046770602,-0.43333333333333346
0.24242424242424243,0.10769230769230777,0.16481069042316243,0.08333333333333325
0.18181818181818182,0.5538461538461539,0.19599109131403114,0.23333333333333342
-0.6363636363636364,-0.39999999999999986,-0.22717149220489988,-0.47500000000000014
-0.6363636363636364,-0.39999999999999986,-0.22717149220489988,-0.47500000000000014
-0.7878787878787878,-0.32307692307692293,-0.31180400890868604,-0.40833333333333344
-0.3333333333333333,-0.0923076923076922,-0.1692650334075725,-0.2666666666666668
-0.12121212121212122,-0.2153846153846152,0.017817371937639215,-0.24166666666666675
-0.3333333333333333,-0.2153846153846152,-0.22271714922048996,0.05000000000000006
0.15151515151515152,0.09230769230769237,-0.04008908685968833,-0.008333333333333342
0.15151515151515152,0.07692307692307697,-0.04454342984409803,-0.008333333333333342
0.06060606060606061,0.6615384615384613,0.6236080178173719,0.7083333333333334
0.7878787878787878,0.09230769230769237,0.1291759465478842,0.09166666666666658
0.7878787878787878,0.09230769230769237,0.1291759465478842,0.09166666666666658
0.42424242424242425,0.3999999999999999,-0.004454342984409903,0.14166666666666664
0.2727272727272727,0.09230769230769237,0.022271714922048918,-0.03333333333333337
0.24242424242424243,0.061538461538461584,-0.21826280623608027,-0.09166666666666677
0.21212121212121213,0.6923076923076921,-0.34743875278396447,0.05000000000000006
0.06060606060606061,0.09230769230769237,-0.013363028953229508,-0.10833333333333345
0.09090909090909091,-0.1076923076923076,-0.07126948775055686,-0.28333333333333344
0.06060606060606061,0.10769230769230777,-0.2628062360801783,-0.29166666666666674
0.09090909090909091,-0.12307692307692299,-0.06681514476614715,-0.14166666666666664
0.09090909090909091,0.09230769230769237,-0.21380846325167036,-0.10000000000000012
0.09090909090909091,0.09230769230769237,-0.21826280623608027,-0.10000000000000012
-0.45454545454545453,-0.6153846153846152,-0.7527839643652562,-0.6250000000000001
0.12121212121212122,-0.0769230769230768,-0.06681514476614715,-0.15833333333333333
0.12121212121212122,-0.0769230769230768,-0.06681514476614715,-0.15833333333333333
0.30303030303030304,0.16923076923076935,-0.008908685968819607,0.15833333333333333
0.21212121212121213,0.030769230769230792,-0.21826280623608027,0.07500000000000008
0.21212121212121213,0.030769230769230792,-0.21826280623608027,0.07500000000000008
0.0,-0.18461538461538457,-0.3073496659242762,-0.44166666666666676
0.06060606060606061,0.07692307692307697,-0.013363028953229508,-0.12500000000000014
-0.06060606060606061,-0.04615384615384602,-0.2583518930957684,-0.27500000000000013
0.030303030303030304,-0.0923076923076922,-0.2939866369710468,-0.08333333333333343
0.0,-0.18461538461538457,-0.2939866369710468,-0.30000000000000004
0.24242424242424243,-0.06153846153846141,-0.20044543429844106,-0.28333333333333344
-1.2727272727272727,-0.4769230769230767,-0.7928730512249444,-0.4500000000000001
0.0,0.5538461538461539,-0.02672605790645882,0.6083333333333333
0.21212121212121213,0.13846153846153855,-0.1291759465478842,0.20000000000000004
0.12121212121212122,0.43076923076923074,-0.062360801781737245,-0.15
0.030303030303030304,-0.03076923076923062,-0.2583518930957684,-0.32500000000000007
-0.24242424242424243,1.2923076923076922,0.8908685968819596,0.21666666666666673
-0.18181818181818182,0.12307692307692317,0.14699331848552322,0.17500000000000002
-0.12121212121212122,0.07692307692307697,0.04008908685968813,0.1916666666666667
-0.5454545454545454,0.3846153846153845,0.16481069042316243,0.3333333333333333
-0.2727272727272727,0.09230769230769237,0.05345211581291744,0.18333333333333335
0.24242424242424243,1.492307692307692,1.5144766146993318,0.9750000000000003
0.15151515151515152,0.13846153846153855,0.04008908685968813,0.03333333333333337
0.30303030303030304,-0.015384615384615396,-0.09799554565701567,0.20000000000000004
0.36363636363636365,0.3538461538461539,0.2672605790645878,0.31666666666666665
-0.21212121212121213,0.16923076923076935,0.11581291759465469,-0.1166666666666668
0.18181818181818182,-0.0769230769230768,-0.10690423162583527,-0.0583333333333334
0.15151515151515152,-0.03076923076923062,-0.17371937639198223,-0.22500000000000006
0.12121212121212122,0.21538461538461537,0.07126948775055665,0.07500000000000008
0.21212121212121213,0.030769230769230792,-0.2939866369710468,-0.15
0.24242424242424243,0.4615384615384615,0.7082405345211579,0.21666666666666673
0.24242424242424243,0.046153846153846184,-0.07126948775055686,0.28333333333333344
-0.030303030303030304,-0.16923076923076918,0.031180400890868525,-0.03333333333333337
-0.9393939393939394,-0.35384615384615375,-0.004454342984409903,0.4583333333333335
0.24242424242424243,-0.1076923076923076,-0.02672605790645882,-0.06666666666666674
0.09090909090909091,0.23076923076923075,0.1291759465478842,0.03333333333333337
-0.12121212121212122,-0.06153846153846141,-0.22271714922048996,-0.04166666666666671
-0.24242424242424243,0.6461538461538463,0.02672605790645882,0.07500000000000008
0.21212121212121213,1.4307692307692303,1.3229398663697105,1.1333333333333337
-0.8787878787878788,-0.06153846153846141,-0.267260579064588,-0.0583333333333334
0.45454545454545453,0.09230769230769237,-0.22271714922048996,-0.1333333333333333
0.6363636363636364,1.1076923076923075,0.8730512249443204,0.6000000000000001
0.15151515151515152,0.046153846153846184,-0.08463251670378616,-0.008333333333333342
0.09090909090909091,-0.15384615384615377,-0.20489977728285075,-0.10000000000000012
0.21212121212121213,0.6307692307692309,0.16926503340757232,0.325
-0.42424242424242425,-0.04615384615384602,-0.15590200445434302,0.18333333333333335
0.12121212121212122,2.692307692307692,1.8930957683741647,2.2
0.24242424242424243,0.4769230769230769,0.7171492204899776,0.6583333333333333
0.24242424242424243,0.6769230769230767,0.8463251670378619,0.4000000000000001
0.24242424242424243,0.2923076923076923,0.7438752783964363,0.7166666666666669
0.12121212121212122,0.7230769230769228,0.5612472160356347,0.6083333333333333
-0.18181818181818182,0.6923076923076921,0.2672605790645878,0.325
-0.15151515151515152,0.18461538461538457,-0.04899777282850794,0.40833333333333344
0.12121212121212122,0.33846153846153854,0.45434298440979953,0.5
-0.7272727272727273,0.4615384615384615,0.9265033407572381,0.016666666666666684
0.030303030303030304,0.769230769230769,0.3207126948775054,0.9500000000000002
-0.18181818181818182,0.6923076923076921,0.2628062360801781,0.325
-0.18181818181818182,-0.13846153846153839,-0.2628062360801783,-0.09166666666666677
-0.06060606060606061,-0.24615384615384597,-0.2628062360801783,-0.31666666666666676
-0.09090909090909091,-0.27692307692307677,-0.423162583518931,-0.31666666666666676
-0.45454545454545453,0.19999999999999996,-0.6636971046770602,-0.1916666666666667
-0.7272727272727273,-0.7230769230769228,-0.7527839643652562,-0.6583333333333335
-1.2727272727272727,-0.5230769230769229,-0.5701559020044544,0.02500000000000003
-1.0,-0.6307692307692306,-0.6770601336302896,-0.5333333333333334
0.030303030303030304,-0.16923076923076918,-0.22271714922048996,-0.23333333333333342
-0.2727272727272727,-0.16923076923076918,-0.2628062360801783,-0.28333333333333344
0.030303030303030304,0.030769230769230792,-0.2583518930957684,-0.2500000000000001
-0.15151515151515152,-0.27692307692307677,-0.2628062360801783,-0.22500000000000006
-0.15151515151515152,-0.27692307692307677,-0.267260579064588,-0.22500000000000006
0.15151515151515152,-0.1076923076923076,-0.24944320712694878,-0.18333333333333335
0.06060606060606061,0.030769230769230792,-0.15144766146993333,-0.10833333333333345
0.030303030303030304,-0.16923076923076918,-0.22271714922048996,-0.23333333333333342
0.15151515151515152,-0.1076923076923076,-0.2449888641425391,-0.18333333333333335
0.15151515151515152,-0.1076923076923076,-0.2449888641425391,-0.18333333333333335
0.45454545454545453,-0.1076923076923076,-0.08017817371937645,-0.29166666666666674
-0.3939393939393939,-0.5538461538461537,-0.7394209354120268,-0.6166666666666668
-0.06060606060606061,0.6307692307692309,0.6815144766146992,0.5083333333333333
0.0,1.3538461538461537,1.1269487750556793,1.0750000000000002
-0.45454545454545453,0.6153846153846154,0.66369710467706,0.9250000000000003
0.18181818181818182,2.1230769230769226,1.8218262806236079,1.0000000000000002
-0.6666666666666666,0.21538461538461537,0.17371937639198204,0.4583333333333335
-0.6666666666666666,0.21538461538461537,0.16926503340757232,0.4583333333333335
-0.030303030303030304,0.5230769230769231,0.8418708240534521,0.7333333333333336
-1.2727272727272727,0.5230769230769231,0.17817371937639193,0.4500000000000001
0.24242424242424243,-0.29230769230769216,-0.07572383073496676,0.9583333333333337
-0.21212121212121213,2.092307692307692,1.4521158129175946,1.541666666666667
-0.12121212121212122,1.6153846153846152,1.2917594654788418,1.566666666666667
0.0,1.3538461538461537,1.1314031180400888,1.0750000000000002
0.0,1.3538461538461537,1.1314031180400888,1.0750000000000002
-0.45454545454545453,0.6153846153846154,0.6681514476614697,1.0333333333333337
-0.45454545454545453,0.6153846153846154,0.6681514476614697,0.9250000000000003
-0.12121212121212122,0.7384615384615383,1.0957683741648103,0.7416666666666667
-1.2727272727272727,1.169230769230769,1.1447661469933184,0.7833333333333337
-1.2727272727272727,1.169230769230769,1.149220489977728,0.9250000000000003
0.030303030303030304,-0.7384615384615383,-0.8819599109131404,-0.8166666666666669
1.3333333333333333,-0.7846153846153845,-0.8062360801781737,-0.7666666666666668
-1.696969696969697,2.1846153846153844,1.3630289532293987,1.3833333333333335
-1.2727272727272727,-0.18461538461538457,-0.31180400890868604,-0.16666666666666666
-1.2727272727272727,-0.18461538461538457,-0.31180400890868604,-0.16666666666666666
0.06060606060606061,0.3999999999999999,0.4187082405345211,0.5166666666666667
0.6060606060606061,-0.16923076923076918,-0.3073496659242762,-0.2666666666666668
1.3333333333333333,0.061538461538461584,-0.20044543429844106,0.04166666666666671
1.2727272727272727,-0.24615384615384597,-0.30289532293986643,-0.30000000000000004
1.3333333333333333,-0.2307692307692306,-0.3875278396436526,-0.3916666666666667
0.5454545454545454,-0.569230769230769,-0.8908685968819599,-0.7166666666666669
0.030303030303030304,1.0,0.5434298440979954,0.8666666666666667
-0.8181818181818182,-0.24615384615384597,-0.6726057906458798,-0.5333333333333334
0.6363636363636364,-0.27692307692307677,-0.004454342984409903,-0.44166666666666676
0.18181818181818182,-0.5076923076923076,-0.8641425389755012,-0.6250000000000001
0.696969696969697,-0.5384615384615383,-0.9265033407572383,-0.6833333333333336
1.2424242424242424,-0.569230769230769,-0.7483296213808464,-0.6250000000000001
1.3333333333333333,-0.27692307692307677,-0.623608017817372,-0.4500000000000001
1.3333333333333333,0.33846153846153854,0.09799554565701547,0.18333333333333335
-0.696969696969697,0.3076923076923077,0.1336302895322939,0.47500000000000014
-0.6363636363636364,-0.4307692307692306,-0.5701559020044544,-0.5000000000000001
-1.5757575757575757,-0.569230769230769,-0.9532293986636972,-0.7750000000000002
-1.3333333333333333,-0.7076923076923075,-0.9933184855233852,-0.8500000000000002
-1.5151515151515151,-0.6461538461538459,-0.40534521158129183,-0.4000000000000001
-1.6363636363636365,-0.9230769230769229,-0.9799554565701559,-0.8916666666666669
-1.696969696969697,-0.7846153846153845,2.071269487750557,0.7083333333333334
-1.696969696969697,-0.7846153846153845,2.071269487750557,0.7083333333333334
-1.2424242424242424,-0.29230769230769216,-0.48997772828507796,-0.4833333333333335
0.6363636363636364,0.07692307692307697,0.1247216035634743,0.07500000000000008
0.42424242424242425,0.16923076923076935,-0.22271714922048996,0.016666666666666684
0.21212121212121213,0.0,-0.2628062360801783,0.6166666666666668
0.3333333333333333,-0.0923076923076922,-0.2583518930957684,-0.15
-0.24242424242424243,-0.27692307692307677,-0.3073496659242762,-0.29166666666666674
0.15151515151515152,-0.12307692307692299,-0.2628062360801783,-0.30000000000000004
0.3333333333333333,-0.0923076923076922,-0.2583518930957684,-0.21666666666666673
-1.0303030303030303,-0.5230769230769229,-0.5924276169265034,-0.6000000000000001
0.21212121212121213,-0.38461538461538447,-0.31180400890868604,-0.44166666666666676
0.36363636363636365,-0.16923076923076918,-0.008908685968819607,-0.3916666666666667
0.12121212121212122,-0.41538461538461524,-0.3073496659242762,-0.3500000000000001
0.36363636363636365,-0.27692307692307677,-0.2628062360801783,-0.41666666666666674
0.36363636363636365,-0.29230769230769216,-0.267260579064588,-0.41666666666666674
0.45454545454545453,-0.03076923076923062,0.5879732739420934,-0.04166666666666671
0.2727272727272727,-0.16923076923076918,-0.05345211581291764,-0.21666666666666673
-0.30303030303030304,-0.446153846153846,-0.2761692650334076,-0.5000000000000001
1.0303030303030303,-0.7076923076923075,-0.7661469933184856,-0.6250000000000001
-0.18181818181818182,-0.5846153846153844,-0.734966592427617,-0.6833333333333336
0.030303030303030304,-0.03076923076923062,-0.06681514476614715,-0.24166666666666675
0.21212121212121213,-0.27692307692307677,-0.1336302895322941,-0.3500000000000001
0.21212121212121213,-0.27692307692307677,-0.1336302895322941,-0.3083333333333334
0.12121212121212122,0.36923076923076914,0.057906458797327344,0.46666666666666684
0.5151515151515151,-0.18461538461538457,-0.1469933184855234,-0.05000000000000006
-0.030303030303030304,-0.30769230769230754,-0.2717149220489979,-0.3416666666666668
-0.48484848484848486,-0.0923076923076922,-0.267260579064588,-0.27500000000000013
-1.2424242424242424,-0.30769230769230754,-0.2628062360801783,-0.3666666666666668
-1.2424242424242424,-0.30769230769230754,-0.2628062360801783,-0.3666666666666668
0.36363636363636365,-0.29230769230769216,-0.267260579064588,-0.41666666666666674
-1.2424242424242424,-0.30769230769230754,-0.2628062360801783,-0.3666666666666668
-1.2424242424242424,-0.30769230769230754,-0.2628062360801783,-0.3666666666666668
-0.7575757575757576,-0.5230769230769229,-0.556792873051225,-0.6833333333333336
0.36363636363636365,-0.5999999999999999,-0.1469933184855234,-0.5833333333333335
-1.4545454545454546,-0.446153846153846,-0.534521158129176,-0.6833333333333336
-0.6666666666666666,-0.6461538461538459,-0.3964365256124722,-0.5583333333333335
-0.6666666666666666,-0.2307692307692306,0.21380846325167036,-0.43333333333333346
-1.1818181818181819,-0.46153846153846134,-0.6993318485523385,-0.47500000000000014
0.36363636363636365,-0.27692307692307677,-0.2628062360801783,-0.41666666666666674
-0.6363636363636364,-0.4769230769230767,-0.4276169265033408,-0.5833333333333335
-0.3939393939393939,0.26153846153846155,0.7527839643652561,-0.15833333333333333
1.2727272727272727,-0.46153846153846134,-0.6592427616926504,-0.5083333333333334
0.12121212121212122,0.09230769230769237,0.0,0.008333333333333342
0.3333333333333333,-0.16923076923076918,-0.07126948775055686,-0.07500000000000008
1.2424242424242424,-0.27692307692307677,-0.2449888641425391,-0.21666666666666673
-1.606060606060606,-0.8615384615384613,-0.9977728285077951,-0.941666666666667
-1.393939393939394,-0.27692307692307677,-0.17371937639198223,-0.10833333333333345
-1.2727272727272727,-0.30769230769230754,-0.24944320712694878,-0.2500000000000001
-1.2121212121212122,-0.6153846153846152,-0.7884187082405345,-0.7583333333333335
-1.5151515151515151,-0.8307692307692305,-0.8151447661469933,-0.7916666666666669
-1.6363636363636365,-0.446153846153846,-0.7928730512249444,-0.5083333333333334
-0.48484848484848486,0.030769230769230792,0.004454342984409705,0.008333333333333342
-0.030303030303030304,-1.0461538461538458,-1.0913140311804008,-1.0000000000000002
-1.3333333333333333,-0.9692307692307689,-1.069042316258352,-0.9333333333333337
-1.0909090909090908,-0.5846153846153844,-0.8775055679287306,-0.6416666666666668
-1.3333333333333333,-0.9846153846153842,-1.1135857461024499,-0.9750000000000002
-1.1818181818181819,-0.892307692307692,-0.9977728285077951,-0.941666666666667
-1.2424242424242424,-0.6153846153846152,-0.36525612472160357,0.03333333333333337
-1.4545454545454546,0.8307692307692307,-0.3073496659242762,0.5416666666666667
-0.2727272727272727,-0.6461538461538459,-0.734966592427617,-0.43333333333333346
1.2121212121212122,-0.6461538461538459,-0.66815144766147,-0.5666666666666669
-0.21212121212121213,-0.5076923076923076,-0.7884187082405345,-0.5083333333333334
0.18181818181818182,0.046153846153846184,-0.08463251670378616,0.15833333333333333
0.3939393939393939,-0.33846153846153837,-0.3251670378619154,0.04166666666666671
-1.5757575757575757,-0.446153846153846,-0.6102449888641426,-0.5333333333333334
-1.6363636363636365,-0.5076923076923076,-0.02672605790645882,-0.5250000000000001
-1.606060606060606,-0.446153846153846,-0.6102449888641426,-0.46666666666666684
-1.696969696969697,0.4923076923076923,1.2516703786191536,0.47500000000000014
-1.696969696969697,0.769230769230769,0.5167037861915366,0.8083333333333335
-0.30303030303030304,-0.015384615384615396,-0.04454342984409803,-0.09166666666666677
-1.696969696969697,1.938461538461538,0.9175946547884187,1.0333333333333337
1.0,-0.8769230769230767,-1.0022271714922049,-0.8083333333333335
-1.0606060606060606,-0.7230769230769228,-0.7082405345211581,-0.7666666666666668
1.121212121212121,1.0307692307692309,0.7706013363028953,0.7166666666666669
1.0,-0.4923076923076921,-0.3964365256124722,-0.5916666666666669
0.0,0.9538461538461538,0.6726057906458798,0.4583333333333335
0.06060606060606061,-0.4307692307692306,-0.3964365256124722,-0.10833333333333345
0.42424242424242425,0.9538461538461538,0.2449888641425389,0.5666666666666668
0.21212121212121213,0.9384615384615385,0.837416481069042,1.0333333333333337
0.36363636363636365,0.09230769230769237,0.8463251670378619,0.46666666666666684
1.2424242424242424,0.923076923076923,0.6236080178173719,0.4833333333333335
1.121212121212121,1.0307692307692309,0.7706013363028953,0.7166666666666669
1.121212121212121,1.0307692307692309,0.7706013363028953,0.6166666666666668
0.5757575757575758,0.6307692307692309,0.28953229398663693,0.4250000000000001
-0.45454545454545453,-0.5538461538461537,-0.45434298440979964,-0.7166666666666669
-1.0,-0.446153846153846,-0.43652561247216043,-0.6583333333333335
-0.5454545454545454,0.33846153846153854,-0.2628062360801783,0.3
-1.696969696969697,-0.06153846153846141,0.1291759465478842,0.02500000000000003
-1.6363636363636365,0.3538461538461539,0.8151447661469932,0.7500000000000003
-1.2121212121212122,-0.4307692307692306,-0.4142538975501114,-0.4250000000000001
-0.030303030303030304,-0.16923076923076918,0.03563474387527823,-0.2583333333333334
-1.303030303030303,-0.4307692307692306,-0.5033407572383074,-0.4250000000000001
-0.15151515151515152,-0.2615384615384614,0.04008908685968813,-0.1916666666666667
-0.7878787878787878,-0.2307692307692306,-0.45434298440979964,-0.4583333333333335
0.12121212121212122,-0.2307692307692306,-0.21826280623608027,0.07500000000000008
0.0,-0.2307692307692306,1.9287305122494431,0.6583333333333333
0.09090909090909091,0.6000000000000001,0.28953229398663693,-0.05000000000000006
0.0,0.23076923076923075,0.4097995545657015,0.16666666666666666
0.06060606060606061,0.24615384615384614,0.1291759465478842,0.18333333333333335
0.12121212121212122,0.16923076923076935,0.35634743875278385,-0.04166666666666671
0.12121212121212122,-0.2307692307692306,-0.21826280623608027,0.09999999999999992
0.09090909090909091,-0.15384615384615377,0.08908685968819587,-0.24166666666666675
0.21212121212121213,-0.19999999999999996,-0.08908685968819606,0.008333333333333342
-0.21212121212121213,0.061538461538461584,0.02672605790645882,0.016666666666666684
-0.21212121212121213,0.061538461538461584,0.02672605790645882,0.016666666666666684
-0.15151515151515152,0.09230769230769237,0.44097995545657004,-0.23333333333333342
-0.18181818181818182,-0.24615384615384597,0.02672605790645882,-0.06666666666666674
-0.12121212121212122,-0.19999999999999996,0.09799554565701547,-0.15
-0.09090909090909091,-0.29230769230769216,0.01336302895322931,-0.2500000000000001
-0.09090909090909091,-0.24615384615384597,-0.10690423162583527,0.0
0.45454545454545453,0.3846153846153845,0.017817371937639215,0.20833333333333337
0.21212121212121213,0.41538461538461535,0.3875278396436524,-0.23333333333333342
0.030303030303030304,0.061538461538461584,-0.1603563474387529,-0.15833333333333333
-0.030303030303030304,0.26153846153846155,0.25835189309576817,-0.0583333333333334
-0.030303030303030304,0.26153846153846155,0.2628062360801781,-0.0583333333333334
-1.2424242424242424,-0.32307692307692293,-0.5077951002227172,-0.43333333333333346
-0.8181818181818182,-0.446153846153846,-0.6636971046770602,-0.5250000000000001
-0.36363636363636365,-0.5999999999999999,-0.579064587973274,-0.5000000000000001
-0.42424242424242425,-0.5538461538461537,-0.3875278396436526,-0.37500000000000017
0.36363636363636365,-0.569230769230769,-0.24944320712694878,-0.5083333333333334
1.3333333333333333,-0.9076923076923075,0.0,-0.6750000000000002
1.3333333333333333,-0.9076923076923075,0.0,-0.6750000000000002
-0.21212121212121213,-0.5076923076923076,-0.4276169265033408,-0.46666666666666684
-0.5757575757575758,-0.8307692307692305,-0.9977728285077951,-0.8333333333333335
-0.7878787878787878,-0.5076923076923076,-0.5657015590200446,-0.5666666666666669
-1.5757575757575757,-0.30769230769230754,-0.5211581291759466,-0.18333333333333335
-0.3333333333333333,-0.9538461538461537,-0.9398663697104678,-0.7666666666666668
-1.606060606060606,0.4615384615384615,-0.21380846325167036,0.3666666666666667
-1.5757575757575757,0.3076923076923077,0.08463251670378616,0.4500000000000001
-1.5151515151515151,0.061538461538461584,0.08017817371937626,0.03333333333333337
-1.5757575757575757,0.32307692307692315,0.08908685968819587,0.4500000000000001
-1.4848484848484849,0.16923076923076935,-0.22271714922048996,-0.1333333333333333
-1.4848484848484849,0.15384615384615394,-0.1336302895322941,-0.10833333333333345
-1.5757575757575757,0.3076923076923077,0.08463251670378616,0.18333333333333335
-1.5454545454545454,0.5230769230769231,-0.1603563474387529,0.24166666666666675
-0.8181818181818182,-0.32307692307692293,-0.004454342984409903,-0.10000000000000012
1.3333333333333333,-0.38461538461538447,-0.004454342984409903,-0.5666666666666669
1.2424242424242424,-0.8307692307692305,-0.9888641425389756,-0.8666666666666669
-0.5757575757575758,0.030769230769230792,0.1291759465478842,0.7083333333333334
-0.7272727272727273,-0.36923076923076903,-0.31180400890868604,-0.20000000000000004
-1.696969696969697,-0.15384615384615377,0.044543429844097836,-0.15833333333333333
-1.0303030303030303,-0.5230769230769229,-0.5924276169265034,-0.7000000000000002
-0.5454545454545454,-0.04615384615384602,1.1224944320712695,0.12499999999999996
0.30303030303030304,0.9692307692307692,1.4298440979955453,1.0583333333333333
0.21212121212121213,1.7846153846153845,1.0022271714922046,1.833333333333334
-0.5454545454545454,-0.04615384615384602,1.1224944320712695,0.12499999999999996
0.030303030303030304,6.599999999999999,9.354120267260578,9.26666666666667
-0.30303030303030304,1.7692307692307692,1.5456570155902005,1.8000000000000005
0.06060606060606061,-0.32307692307692293,-0.3162583518930958,0.008333333333333342
0.3333333333333333,1.3846153846153846,1.282850779510022,2.191666666666667
-0.12121212121212122,-0.0769230769230768,-0.04899777282850794,-0.14166666666666664
0.21212121212121213,1.7999999999999998,1.0111358574610245,1.1833333333333338
-0.6666666666666666,-0.46153846153846134,-0.34743875278396447,-0.3416666666666668
-0.6666666666666666,-0.4769230769230767,-0.34743875278396447,-0.20000000000000004
-0.7272727272727273,-0.569230769230769,-0.6146993318485524,-0.3916666666666667
-1.3636363636363635,-0.5384615384615383,-0.400890868596882,-0.4833333333333335
-1.3636363636363635,-0.5384615384615383,-0.400890868596882,-0.4833333333333335
-0.7575757575757576,-0.41538461538461524,-0.5835189309576837,-0.1166666666666668
-0.7575757575757576,-0.41538461538461524,-0.5835189309576837,-0.1166666666666668
-0.8484848484848485,-0.6307692307692306,-0.5968819599109132,-0.3500000000000001
-0.8484848484848485,-0.6307692307692306,-0.5968819599109132,-0.5166666666666668
0.15151515151515152,1.5230769230769228,1.5456570155902005,1.2583333333333335
0.0,0.8153846153846153,0.5389755011135857,0.8666666666666667
0.24242424242424243,1.2923076923076922,1.7817371937639195,1.3500000000000003
0.24242424242424243,1.2923076923076922,1.7817371937639195,1.3500000000000003
0.06060606060606061,0.4461538461538461,1.175946547884187,1.341666666666667
-0.3333333333333333,0.15384615384615394,-0.04008908685968833,-0.20833333333333337
-0.2727272727272727,1.169230769230769,1.0690423162583518,1.0000000000000002
0.09090909090909091,6.015384615384614,4.87305122494432,5.341666666666668
-0.5151515151515151,0.030769230769230792,20.810690423162583,0.1333333333333333
-0.24242424242424243,0.27692307692307694,0.23162583518930957,1.3500000000000003
0.15151515151515152,0.4461538461538461,0.8062360801781737,1.0166666666666668
0.2727272727272727,1.4461538461538457,1.220489977728285,1.3166666666666669
0.21212121212121213,2.276923076923077,2.293986636971047,1.7166666666666668
0.24242424242424243,0.5230769230769231,0.5968819599109129,0.1333333333333333
0.2727272727272727,2.2923076923076917,2.472160356347439,1.833333333333334
0.3333333333333333,1.0769230769230766,0.4944320712694877,1.9666666666666675
0.48484848484848486,1.8461538461538458,1.3808463251670378,2.1500000000000004
0.09090909090909091,2.1846153846153844,2.6458797327394206,4.358333333333334
1.121212121212121,1.0307692307692309,0.7616926503340755,0.6166666666666668
-0.5454545454545454,-0.04615384615384602,1.10913140311804,0.20000000000000004
-1.303030303030303,-0.5538461538461537,0.02672605790645882,-0.29166666666666674
0.21212121212121213,1.5538461538461534,0.7483296213808464,1.4250000000000005
-0.30303030303030304,3.507692307692307,5.3184855233853,3.483333333333334
-0.48484848484848486,0.030769230769230792,1.3184855233853003,0.4250000000000001
-0.5757575757575758,0.13846153846153855,30.34298440979955,0.03333333333333337
-0.24242424242424243,0.13846153846153855,6.521158129175946,1.3333333333333335
-0.6363636363636364,-0.2307692307692306,2.4899777282850777,0.0
-0.12121212121212122,-0.0923076923076922,-0.05345211581291764,-0.14166666666666664
0.15151515151515152,-0.015384615384615396,0.044543429844097836,-0.09166666666666677
-0.30303030303030304,-0.32307692307692293,0.2628062360801781,-0.5500000000000002
0.2727272727272727,0.3846153846153845,0.14699331848552322,0.8916666666666669
0.0,-0.24615384615384597,0.05345211581291744,-0.14166666666666664
-1.1818181818181819,-0.6769230769230767,-0.7394209354120268,-0.28333333333333344
-1.1818181818181819,-0.6769230769230767,-0.7394209354120268,-0.6416666666666668
-0.09090909090909091,-0.13846153846153839,-0.11135857461024498,-0.29166666666666674
0.0,-0.2307692307692306,-0.15590200445434302,-0.15
0.30303030303030304,0.09230769230769237,-0.10244988864142537,0.325
-0.3333333333333333,-0.446153846153846,-0.35189309576837424,-0.24166666666666675
-0.9696969696969697,-0.6153846153846152,-0.8641425389755012,-0.6083333333333335
-1.4545454545454546,-0.7999999999999998,-0.8240534521158129,-0.7416666666666668
0.12121212121212122,0.09230769230769237,-0.1380846325167038,-0.02500000000000003
0.09090909090909091,0.7230769230769228,0.9175946547884187,0.8833333333333334
-0.030303030303030304,2.1692307692307686,1.1002227171492205,2.5500000000000003
0.0,-0.16923076923076918,-0.013363028953229508,-0.016666666666666684
0.21212121212121213,2.107692307692307,0.9665924276169262,1.5333333333333337
-0.030303030303030304,2.1692307692307686,1.1002227171492205,2.5500000000000003
0.0,-0.15384615384615377,-0.008908685968819607,-0.016666666666666684
-0.3333333333333333,-0.446153846153846,-0.35189309576837424,-0.24166666666666675
0.21212121212121213,2.107692307692307,0.9576837416481068,1.766666666666667
-0.5151515151515151,-0.5384615384615383,-0.6191536748329621,-0.47500000000000014
0.18181818181818182,1.5846153846153843,1.8485523385300668,1.5833333333333337
-0.45454545454545453,0.3999999999999999,0.6859688195991089,0.37500000000000006
0.21212121212121213,1.0,1.1804008908685968,1.1083333333333334
0.12121212121212122,0.21538461538461537,0.3875278396436524,0.625
0.3939393939393939,0.6769230769230767,1.420935412026726,0.7416666666666667
0.3939393939393939,0.6769230769230767,1.420935412026726,0.7416666666666667
0.06060606060606061,1.169230769230769,1.33184855233853,1.0166666666666668
1.121212121212121,1.0307692307692309,0.7706013363028953,0.6166666666666668
0.09090909090909091,-0.06153846153846141,-0.022271714922049116,0.05000000000000006
1.2424242424242424,0.923076923076923,0.6236080178173719,0.46666666666666684
0.36363636363636365,0.09230769230769237,0.837416481069042,0.4833333333333335
-0.030303030303030304,1.2307692307692306,1.4565701559020043,1.4250000000000005
-1.1818181818181819,0.32307692307692315,-0.267260579064588,0.06666666666666674
0.15151515151515152,1.5230769230769228,1.5456570155902005,0.941666666666667
0.030303030303030304,2.276923076923077,1.2249443207126947,1.5333333333333337
-0.5757575757575758,-0.0769230769230768,1.4654788418708238,2.3166666666666664
1.121212121212121,1.0307692307692309,0.7706013363028953,0.6166666666666668
1.121212121212121,1.0307692307692309,0.7706013363028953,0.6166666666666668
0.5757575757575758,0.6307692307692309,0.28953229398663693,0.4250000000000001
1.2121212121212122,0.8923076923076922,0.5389755011135857,0.8416666666666669
1.2121212121212122,0.8923076923076922,0.5389755011135857,0.8416666666666669
0.21212121212121213,0.09230769230769237,0.06236080178173705,0.05000000000000006
0.06060606060606061,0.41538461538461535,0.25835189309576817,0.18333333333333335
1.0,-0.4923076923076921,-0.3964365256124722,-0.7166666666666669
-1.1818181818181819,-0.4769230769230767,-0.4187082405345212,-0.5583333333333335
-1.1818181818181819,-0.4769230769230767,-0.4142538975501114,-0.5583333333333335
-1.1515151515151516,-0.46153846153846134,-0.7706013363028954,-0.6000000000000001
-1.121212121212121,-0.2615384615384614,0.22271714922048996,0.1916666666666667
-0.6363636363636364,0.0,1.4922048997772828,0.4000000000000001
-0.9090909090909091,-0.32307692307692293,-0.08908685968819606,-0.04166666666666671
-1.0909090909090908,-0.15384615384615377,-0.04899777282850794,-0.09166666666666677
0.3333333333333333,-0.2153846153846152,-0.14253897550111372,-0.24166666666666675
-0.6666666666666666,-0.0923076923076922,-0.6636971046770602,-0.10833333333333345
-1.0606060606060606,-0.446153846153846,0.3919821826280623,-0.02500000000000003
1.303030303030303,-0.33846153846153837,-0.20489977728285075,-0.3083333333333334
-0.030303030303030304,-0.32307692307692293,-0.2628062360801783,0.4000000000000001
-0.8484848484848485,0.0,3.055679287305122,0.7083333333333334
-1.0,0.030769230769230792,-0.04899777282850794,0.09999999999999992
-1.1515151515151516,-0.9692307692307689,-0.7438752783964365,-0.5666666666666669
-0.8484848484848485,-0.446153846153846,-0.3830734966592428,-0.5583333333333335
-1.2424242424242424,-0.9538461538461537,-1.0824053452115814,-0.966666666666667
-1.5151515151515151,-0.9384615384615382,-0.9086859688195991,-0.9583333333333335
-1.4545454545454546,-0.9384615384615382,-1.051224944320713,-0.966666666666667
-1.0606060606060606,-0.8769230769230767,-1.0601336302895323,-0.916666666666667
1.3333333333333333,-1.015384615384615,-1.0868596881959913,-0.9333333333333337
-0.030303030303030304,-0.38461538461538447,0.19153674832962125,0.02500000000000003
-0.15151515151515152,-0.24615384615384597,-0.3073496659242762,-0.14166666666666664
-1.5454545454545454,-1.0307692307692304,-1.1492204899777283,-1.0333333333333337
-1.4242424242424243,0.6000000000000001,-0.004454342984409903,0.3833333333333334
-0.9696969696969697,0.030769230769230792,1.175946547884187,-0.07500000000000008
-1.6666666666666667,-0.9999999999999997,-1.1492204899777283,-1.0166666666666668
-1.606060606060606,-0.9846153846153842,-1.131403118040089,-1.0166666666666668
-1.606060606060606,-0.9999999999999997,-1.1403118040089086,-1.0166666666666668
-1.606060606060606,-0.9999999999999997,-1.1403118040089086,-1.0166666666666668
-1.606060606060606,-0.9999999999999997,-1.1403118040089086,-1.0166666666666668
-1.6666666666666667,-1.015384615384615,-1.158129175946548,-1.0166666666666668
-1.6666666666666667,-1.015384615384615,-1.158129175946548,-1.0166666666666668
-1.606060606060606,-0.9846153846153842,-1.131403118040089,-1.0083333333333335
0.7272727272727273,-0.2153846153846152,-0.062360801781737245,-0.32500000000000007
0.7272727272727273,-0.2153846153846152,-0.062360801781737245,-0.32500000000000007
0.6363636363636364,0.26153846153846155,0.031180400890868525,0.09166666666666658
-0.06060606060606061,0.046153846153846184,0.22271714922048996,-0.10000000000000012
-0.9090909090909091,-0.19999999999999996,-0.1336302895322941,-0.37500000000000017
-1.1515151515151516,0.27692307692307694,-0.04454342984409803,0.31666666666666665
-0.9090909090909091,-0.19999999999999996,-0.1336302895322941,0.47500000000000014
-1.1515151515151516,0.030769230769230792,-0.04008908685968833,-0.1166666666666668
-1.4848484848484849,-0.015384615384615396,-0.04454342984409803,-0.09166666666666677
-1.606060606060606,-0.24615384615384597,0.5701559020044542,-0.4500000000000001
-1.606060606060606,-0.24615384615384597,0.5746102449888641,-0.4500000000000001
-1.0303030303030303,-0.015384615384615396,-0.04008908685968833,-0.03333333333333337
-0.06060606060606061,0.046153846153846184,0.22271714922048996,-0.10000000000000012
-1.1515151515151516,0.27692307692307694,-0.04899777282850794,0.31666666666666665
-0.9090909090909091,-0.19999999999999996,-0.1380846325167038,0.47500000000000014
-1.1515151515151516,0.015384615384615396,-0.04899777282850794,-0.1166666666666668
-1.0303030303030303,-0.6153846153846152,-0.6369710467706013,-0.4500000000000001
-1.0606060606060606,-0.33846153846153837,-0.8953229398663698,-0.5083333333333334
-1.121212121212121,-0.46153846153846134,-0.30289532293986643,-0.30000000000000004
-0.09090909090909091,0.09230769230769237,0.24944320712694878,0.3833333333333334
0.21212121212121213,-0.24615384615384597,0.08017817371937626,-0.23333333333333342
-1.2424242424242424,-0.446153846153846,0.1425389755011135,-0.37500000000000017
-1.2424242424242424,-0.0923076923076922,-0.5523385300668152,-0.43333333333333346
-1.4848484848484849,-0.015384615384615396,-0.04454342984409803,-0.09166666666666677
-1.606060606060606,-0.24615384615384597,0.5746102449888641,-0.4500000000000001
-0.9393939393939394,-0.0923076923076922,-0.66815144766147,-0.5333333333333334
-0.9393939393939394,0.09230769230769237,-0.22271714922048996,-0.20833333333333337
-0.030303030303030304,1.2307692307692306,1.4565701559020043,1.4250000000000005
0.15151515151515152,1.5230769230769228,1.5456570155902005,2.066666666666667
-1.5454545454545454,-0.5076923076923076,-0.3073496659242762,-0.30000000000000004
-0.030303030303030304,1.2307692307692306,1.4565701559020043,1.4250000000000005
0.06060606060606061,1.6153846153846152,1.6302895322939863,2.066666666666667
0.42424242424242425,1.1999999999999997,0.43207126948775043,1.3500000000000003
0.030303030303030304,0.923076923076923,0.7572383073496658,0.43333333333333346
-0.48484848484848486,-0.39999999999999986,-0.3964365256124722,-0.17500000000000002
-0.030303030303030304,0.13846153846153855,-0.008908685968819607,0.35833333333333334
0.8484848484848485,-0.16923076923076918,-0.33853006681514486,-0.15833333333333333
1.303030303030303,0.09230769230769237,0.031180400890868525,0.09999999999999992
-0.6060606060606061,-0.27692307692307677,-0.6146993318485524,-0.4250000000000001
0.21212121212121213,1.4307692307692303,1.3229398663697105,1.1333333333333337
0.18181818181818182,1.092307692307692,0.8240534521158129,0.8000000000000004
0.09090909090909091,-0.015384615384615396,0.07572383073496655,-0.07500000000000008
0.09090909090909091,-0.015384615384615396,0.08017817371937626,-0.06666666666666674
-0.09090909090909091,-0.04615384615384602,-0.1603563474387529,-0.23333333333333342
0.42424242424242425,0.19999999999999996,-0.062360801781737245,-0.08333333333333343
0.06060606060606061,0.061538461538461584,0.15590200445434282,0.016666666666666684
0.06060606060606061,0.07692307692307697,0.16481069042316243,0.016666666666666684
0.06060606060606061,-0.13846153846153839,0.0,-0.15833333333333333
0.06060606060606061,-0.15384615384615377,-0.004454342984409903,-0.15833333333333333
0.24242424242424243,0.24615384615384614,0.3518930957683742,0.4250000000000001
-0.06060606060606061,0.07692307692307697,0.14699331848552322,0.08333333333333325
0.0,0.07692307692307697,0.1247216035634743,-0.016666666666666684
-0.09090909090909091,-0.06153846153846141,0.09354120267260577,-0.10833333333333345
0.030303030303030304,0.046153846153846184,0.1380846325167038,-0.02500000000000003
0.030303030303030304,-0.1076923076923076,-0.004454342984409903,-0.09166666666666677
0.030303030303030304,0.046153846153846184,0.1291759465478842,-0.02500000000000003
-0.15151515151515152,0.10769230769230777,0.1514476614699331,-0.016666666666666684
0.12121212121212122,-0.015384615384615396,-0.04454342984409803,0.05000000000000006
-0.09090909090909091,-0.13846153846153839,0.08463251670378616,-0.1333333333333333
0.06060606060606061,-0.0923076923076922,-0.04899777282850794,-0.06666666666666674
0.06060606060606061,-0.0923076923076922,-0.04899777282850794,-0.06666666666666674
0.06060606060606061,-0.0923076923076922,-0.04899777282850794,-0.06666666666666674
0.24242424242424243,0.5538461538461539,0.7884187082405345,0.1916666666666667
-0.06060606060606061,0.0,0.285077951002227,0.08333333333333325
0.030303030303030304,-0.04615384615384602,0.1336302895322939,0.10833333333333327
-0.030303030303030304,-0.03076923076923062,0.057906458797327344,-0.08333333333333343
0.30303030303030304,-0.16923076923076918,-0.2806236080178175,0.09166666666666658
0.06060606060606061,-0.03076923076923062,0.0,0.016666666666666684
0.09090909090909091,-0.015384615384615396,0.08017817371937626,-0.07500000000000008
0.12121212121212122,-0.03076923076923062,0.004454342984409705,-0.1166666666666668
0.0,-0.15384615384615377,0.01336302895322931,-0.10833333333333345
-0.09090909090909091,-0.0923076923076922,0.3429844097995546,-0.016666666666666684
-0.030303030303030304,-0.24615384615384597,-0.062360801781737245,-0.20833333333333337
1.3333333333333333,-0.7999999999999998,-0.48997772828507796,-0.5666666666666669
0.696969696969697,-0.6153846153846152,-0.6325167037861916,-0.5750000000000002
1.3333333333333333,-0.30769230769230754,-0.34743875278396447,-0.3666666666666668
1.3333333333333333,-0.30769230769230754,-0.34743875278396447,-0.3666666666666668
1.3333333333333333,-0.2307692307692306,-0.4766146993318486,-0.35833333333333345
-0.5454545454545454,-0.32307692307692293,-0.34298440979955463,-0.4583333333333335
-1.1515151515151516,-0.24615384615384597,-0.267260579064588,-0.24166666666666675
1.3333333333333333,-0.6461538461538459,-0.45434298440979964,-0.6916666666666669
1.3333333333333333,-0.7999999999999998,-0.48997772828507796,-0.5666666666666669
1.3333333333333333,-0.7999999999999998,-0.48997772828507796,-0.5666666666666669
1.3333333333333333,0.3076923076923077,0.4276169265033407,-0.22500000000000006
1.3333333333333333,-0.815384615384615,-0.8285077951002228,-0.6833333333333336
1.303030303030303,-0.6307692307692306,-0.7750556792873052,-0.7416666666666668
1.3333333333333333,-0.16923076923076918,0.0,-0.3500000000000001
1.3333333333333333,-0.7846153846153845,-0.6547884187082406,-0.6000000000000001
1.3333333333333333,0.24615384615384614,0.1336302895322939,0.05000000000000006
1.2424242424242424,0.43076923076923074,0.20044543429844086,0.2500000000000001
0.12121212121212122,-0.446153846153846,0.01336302895322931,-0.38333333333333347
-0.12121212121212122,-0.38461538461538447,-0.2806236080178175,-0.5166666666666668
1.3333333333333333,-0.7692307692307689,-1.0111358574610245,-0.7750000000000002
1.3333333333333333,-0.7538461538461537,-0.9799554565701559,-0.8000000000000002
0.696969696969697,-0.9384615384615382,-1.064587973273942,-0.8750000000000002
1.2727272727272727,-0.9692307692307689,-1.069042316258352,-0.941666666666667
1.303030303030303,-0.4307692307692306,-0.556792873051225,-0.5166666666666668
1.3333333333333333,-0.5384615384615383,-0.5256124721603564,-0.41666666666666674
1.3333333333333333,-0.36923076923076903,-0.5968819599109132,-0.5250000000000001
1.3333333333333333,-0.36923076923076903,-0.5968819599109132,-0.5250000000000001
1.3333333333333333,-0.4923076923076921,-0.645879732739421,-0.5166666666666668
1.3333333333333333,-0.6923076923076921,-0.34743875278396447,-0.43333333333333346
1.3333333333333333,-0.6923076923076921,-0.34743875278396447,-0.6750000000000002
1.2727272727272727,-0.815384615384615,-0.3563474387527841,-0.5750000000000002
1.2727272727272727,-0.815384615384615,-0.3563474387527841,-0.5750000000000002
1.3333333333333333,-0.7692307692307689,-0.1692650334075725,-0.4583333333333335
1.3333333333333333,-0.7692307692307689,-0.1692650334075725,-0.4583333333333335
1.3333333333333333,-0.7692307692307689,-0.1692650334075725,-0.4583333333333335
1.3333333333333333,0.09230769230769237,0.21380846325167036,0.02500000000000003
1.3333333333333333,-0.6923076923076921,-0.34743875278396447,-0.43333333333333346
1.3333333333333333,-0.7999999999999998,-0.48997772828507796,-0.5666666666666669
1.3333333333333333,-0.7999999999999998,-0.48997772828507796,-0.5666666666666669
1.3333333333333333,0.046153846153846184,0.0,-0.03333333333333337
1.3333333333333333,-0.7692307692307689,-0.1692650334075725,-0.6750000000000002
1.2727272727272727,-0.4769230769230767,-0.6770601336302896,-0.6000000000000001
-1.5151515151515151,-1.0307692307692304,-1.158129175946548,-1.0333333333333337
-1.5454545454545454,-1.0307692307692304,-1.1492204899777283,-1.0333333333333337
-1.393939393939394,-1.015384615384615,-0.8730512249443207,-0.8083333333333335
-0.6060606060606061,-0.27692307692307677,-0.3563474387527841,-0.5416666666666669
-0.9696969696969697,-0.4769230769230767,-0.2895322939866371,-0.5333333333333334
-0.8484848484848485,-0.15384615384615377,0.33853006681514464,0.37500000000000006
-0.5151515151515151,-0.39999999999999986,-0.21380846325167036,-0.29166666666666674
-0.030303030303030304,-0.06153846153846141,0.4097995545657015,-0.1166666666666668
-0.9696969696969697,-0.4769230769230767,0.5790645879732739,-0.49166666666666686
-0.09090909090909091,-0.19999999999999996,0.031180400890868525,-0.2500000000000001
-1.121212121212121,-0.24615384615384597,0.23162583518930957,0.1916666666666667
-0.06060606060606061,-0.0769230769230768,0.15590200445434282,0.18333333333333335
-0.6363636363636364,0.0,1.4922048997772828,-0.016666666666666684
-0.36363636363636365,-0.4307692307692306,-0.49888641425389757,-0.5583333333333335
-1.2424242424242424,-0.5999999999999999,-0.7082405345211581,-0.6416666666666668
-0.42424242424242425,-0.35384615384615375,-0.2628062360801783,-0.44166666666666676
-1.0303030303030303,0.21538461538461537,-0.04454342984409803,0.2666666666666668
-0.5454545454545454,0.0,0.28953229398663693,-0.07500000000000008
0.09090909090909091,1.2307692307692306,1.024498886414254,1.0500000000000003
0.09090909090909091,1.2153846153846153,1.0155902004454342,1.0750000000000002
0.21212121212121213,1.5999999999999996,0.9665924276169262,0.7250000000000001
0.18181818181818182,1.0153846153846153,1.2115812917594655,1.2333333333333334
0.18181818181818182,1.0153846153846153,1.2115812917594655,1.2333333333333334
-0.36363636363636365,1.8769230769230765,1.7906458797327391,1.4083333333333339
0.18181818181818182,1.0153846153846153,1.2115812917594655,1.2333333333333334
0.18181818181818182,1.9538461538461536,1.7104677060133626,1.6083333333333336
0.21212121212121213,0.33846153846153854,0.31625835189309576,0.37500000000000006
0.12121212121212122,0.6461538461538463,1.064587973273942,0.6416666666666666
0.5757575757575758,1.6307692307692305,1.5456570155902005,2.333333333333334
0.12121212121212122,0.6461538461538463,1.064587973273942,0.6416666666666666
0.12121212121212122,0.6461538461538463,1.064587973273942,0.8583333333333335
0.12121212121212122,0.6769230769230767,0.8106904231625834,0.7583333333333334
0.12121212121212122,0.9538461538461538,0.9220489977728283,1.416666666666667
0.12121212121212122,0.9538461538461538,0.9220489977728283,0.9250000000000003
0.18181818181818182,1.9538461538461536,1.7015590200445432,0.6416666666666666
0.18181818181818182,1.1076923076923075,1.260579064587973,0.9333333333333335
0.18181818181818182,1.1076923076923075,1.260579064587973,0.9333333333333335
-0.5757575757575758,1.9999999999999996,1.9420935412026723,1.4000000000000004
-0.5757575757575758,1.9999999999999996,1.9420935412026723,1.4000000000000004
0.15151515151515152,1.169230769230769,0.8908685968819596,0.7000000000000002
0.2727272727272727,0.8307692307692307,0.6280623608017816,0.7000000000000002
0.15151515151515152,1.969230769230769,1.8530066815144766,1.2333333333333334
0.21212121212121213,1.4615384615384612,1.4743875278396437,2.2166666666666672
0.21212121212121213,1.4615384615384612,1.4743875278396437,0.9333333333333335
0.18181818181818182,1.9538461538461536,1.6971046770601337,1.991666666666667
0.09090909090909091,2.2307692307692304,2.0890868596881957,2.641666666666667
0.12121212121212122,1.9538461538461536,1.7639198218262804,1.1416666666666668
0.7878787878787878,-0.18461538461538457,-0.008908685968819607,-0.02500000000000003
0.21212121212121213,0.7538461538461537,0.6369710467706013,0.7000000000000002
0.12121212121212122,0.6153846153846154,0.04008908685968813,0.2666666666666668
0.030303030303030304,1.6615384615384614,1.1403118040089086,2.5666666666666673
0.18181818181818182,0.846153846153846,0.6948775055679287,0.6166666666666668
0.12121212121212122,1.2307692307692306,1.3897550111358572,0.9
0.12121212121212122,1.2307692307692306,1.3897550111358572,1.5583333333333336
0.21212121212121213,1.0769230769230766,1.5412026726057904,0.8000000000000004
0.030303030303030304,0.6000000000000001,0.5612472160356347,0.46666666666666684
0.42424242424242425,0.923076923076923,0.801781737193764,0.28333333333333344
0.21212121212121213,0.7384615384615383,0.44097995545657004,0.47500000000000014
0.15151515151515152,1.3846153846153846,1.309576837416481,1.1250000000000002
0.15151515151515152,1.3846153846153846,1.309576837416481,1.1250000000000002
0.15151515151515152,0.6000000000000001,0.6325167037861913,0.9250000000000003
0.15151515151515152,1.3846153846153846,1.309576837416481,1.1250000000000002
0.15151515151515152,1.3846153846153846,1.309576837416481,1.1250000000000002
0.21212121212121213,0.9692307692307692,0.7884187082405345,0.8666666666666667
0.21212121212121213,0.9846153846153846,0.797327394209354,0.6000000000000001
0.15151515151515152,0.6000000000000001,0.6325167037861913,0.9250000000000003
0.42424242424242425,0.7076923076923075,0.5300668151447661,0.8166666666666667
0.6363636363636364,0.9076923076923076,0.3207126948775054,0.5416666666666667
-1.1818181818181819,-0.5230769230769229,-0.47216035634743875,-0.5750000000000002
0.3333333333333333,2.276923076923077,2.3830734966592426,2.7583333333333337
1.0909090909090908,0.18461538461538457,0.34743875278396424,-0.3500000000000001
0.36363636363636365,0.5538461538461539,0.16481069042316243,1.0916666666666668
0.21212121212121213,0.0,0.3028953229398662,0.09166666666666658
0.06060606060606061,0.09230769230769237,0.19153674832962125,-0.03333333333333337
0.06060606060606061,0.09230769230769237,0.19153674832962125,-0.15
-0.12121212121212122,-0.0769230769230768,0.11581291759465469,0.15833333333333333
-1.303030303030303,-0.4769230769230767,-0.7527839643652562,-0.6250000000000001
0.09090909090909091,2.1692307692307686,1.287305122494432,1.8916666666666668
-0.030303030303030304,1.0615384615384613,0.5612472160356347,0.7500000000000003
0.09090909090909091,1.7999999999999998,1.2293986636971048,1.1583333333333334
0.12121212121212122,1.3538461538461537,1.616926503340757,1.416666666666667
0.12121212121212122,1.3538461538461537,1.616926503340757,1.1583333333333334
-0.06060606060606061,1.2615384615384613,0.44097995545657004,0.22500000000000006
0.15151515151515152,0.27692307692307694,0.285077951002227,0.35833333333333334
-0.030303030303030304,0.6307692307692309,0.6726057906458798,0.525
-0.030303030303030304,0.6153846153846154,0.66369710467706,0.7750000000000001
-0.24242424242424243,-0.12307692307692299,0.21380846325167036,0.5333333333333333
-0.15151515151515152,1.4153846153846152,0.7171492204899776,0.7500000000000003
0.2727272727272727,1.0615384615384613,0.5968819599109129,0.7083333333333334
0.15151515151515152,0.3538461538461539,0.5701559020044542,0.35000000000000003
0.36363636363636365,0.7230769230769228,0.18708240534521153,1.1250000000000002
0.15151515151515152,1.4461538461538457,1.0734966592427615,1.2000000000000004
0.15151515151515152,1.4461538461538457,1.0734966592427615,1.416666666666667
0.24242424242424243,1.6307692307692305,0.9354120267260579,0.7833333333333337
0.09090909090909091,0.6461538461538463,0.5211581291759465,0.7750000000000001
-0.030303030303030304,1.0615384615384613,0.5612472160356347,0.8000000000000004
0.15151515151515152,0.8307692307692307,1.5011135857461022,2.1333333333333333
0.12121212121212122,1.692307692307692,2.280623608017817,1.3
0.06060606060606061,0.061538461538461584,0.15590200445434282,0.016666666666666684
0.030303030303030304,0.046153846153846184,0.1380846325167038,0.05000000000000006
0.21212121212121213,0.23076923076923075,0.31625835189309576,0.18333333333333335
0.12121212121212122,0.16923076923076935,0.25835189309576817,0.10833333333333327
0.12121212121212122,0.16923076923076935,0.25835189309576817,0.10833333333333327
-0.06060606060606061,0.3846153846153845,0.6458797327394208,0.29166666666666663
0.2727272727272727,0.046153846153846184,-0.2717149220489979,0.37500000000000006
0.06060606060606061,-0.24615384615384597,-0.2895322939866371,0.09166666666666658
0.06060606060606061,0.030769230769230792,0.0,-0.06666666666666674
-0.06060606060606061,0.10769230769230777,0.3786191536748328,0.09999999999999992
0.06060606060606061,0.061538461538461584,0.15590200445434282,0.016666666666666684
0.21212121212121213,1.4615384615384612,1.4743875278396437,0.9
0.6363636363636364,0.5846153846153846,0.18708240534521153,0.17500000000000002
0.24242424242424243,1.1230769230769229,1.086859688195991,0.6916666666666667
0.21212121212121213,1.4615384615384612,1.4743875278396437,2.2166666666666672
0.15151515151515152,4.06153846153846,3.6881959910913142,2.291666666666667
0.30303030303030304,1.569230769230769,2.124721603563474,0.8166666666666667
0.09090909090909091,0.8615384615384615,1.5144766146993318,1.0666666666666669
0.24242424242424243,0.5384615384615384,0.35634743875278385,0.5083333333333333
0.21212121212121213,1.538461538461538,1.4120267260579062,0.7250000000000001
0.2727272727272727,0.19999999999999996,0.2628062360801781,0.09166666666666658
0.12121212121212122,1.2307692307692306,1.3897550111358572,0.9
-0.06060606060606061,0.16923076923076935,0.6013363028953229,0.47500000000000014
0.24242424242424243,0.6461538461538463,0.4944320712694877,0.41666666666666674
0.09090909090909091,0.27692307692307694,0.7884187082405345,0.40833333333333344
0.21212121212121213,0.7384615384615383,0.44097995545657004,0.3
0.24242424242424243,0.5384615384615384,0.34743875278396424,0.5083333333333333
0.030303030303030304,0.3538461538461539,0.0,0.14166666666666664
0.15151515151515152,1.0461538461538458,0.5924276169265031,0.5166666666666667
0.06060606060606061,1.569230769230769,1.3363028953229397,1.3
0.06060606060606061,1.569230769230769,1.3363028953229397,1.491666666666667
0.06060606060606061,1.569230769230769,1.3363028953229397,1.3
0.36363636363636365,1.1076923076923075,0.9086859688195988,0.8666666666666667
0.15151515151515152,0.3538461538461539,0.20489977728285075,0.016666666666666684
0.24242424242424243,0.5692307692307693,0.46325167037861914,0.3666666666666667
0.36363636363636365,1.1076923076923075,0.8997772828507795,0.8666666666666667
0.30303030303030304,-0.13846153846153839,0.03563474387527823,-0.15
0.30303030303030304,-0.15384615384615377,0.031180400890868525,-0.15
0.2727272727272727,0.10769230769230777,0.09354120267260577,0.20833333333333337
-0.24242424242424243,1.169230769230769,0.975501113585746,1.416666666666667
0.18181818181818182,0.5076923076923077,0.3028953229398662,0.5416666666666667
-0.24242424242424243,1.169230769230769,0.975501113585746,1.416666666666667
-0.24242424242424243,1.169230769230769,0.975501113585746,1.416666666666667
-0.06060606060606061,1.2153846153846153,0.8953229398663698,1.7333333333333338
-0.24242424242424243,1.169230769230769,0.975501113585746,1.416666666666667
0.12121212121212122,0.7999999999999998,0.7126948775055679,0.5750000000000001
0.15151515151515152,0.5384615384615384,0.4944320712694877,0.40833333333333344
-0.06060606060606061,1.2153846153846153,0.9042316258351892,1.25
0.09090909090909091,1.7999999999999998,1.2293986636971048,1.1583333333333334
0.21212121212121213,1.3846153846153846,0.7260579064587971,0.7833333333333337
0.18181818181818182,0.5076923076923077,0.3028953229398662,0.5750000000000001
0.09090909090909091,1.8923076923076918,0.7260579064587971,0.8000000000000004
-1.0,0.7384615384615383,0.08908685968819587,0.1333333333333333
0.15151515151515152,1.4307692307692303,0.8552338530066812,1.416666666666667
0.3939393939393939,0.9384615384615385,1.835189309576837,0.7583333333333334
0.06060606060606061,0.6615384615384613,0.7037861915367482,0.55
-0.15151515151515152,1.1846153846153844,1.755011135857461,0.8750000000000002
0.3939393939393939,1.5538461538461534,0.8685968819599108,0.47500000000000014
0.21212121212121213,0.7384615384615383,0.6102449888641424,0.6000000000000001
0.09090909090909091,-0.06153846153846141,-0.06681514476614715,-0.016666666666666684
0.0,-0.27692307692307677,-0.400890868596882,-0.31666666666666676
0.12121212121212122,-0.0769230769230768,0.0,0.0
0.5454545454545454,0.24615384615384614,0.4097995545657015,0.27500000000000013
-0.3333333333333333,-0.015384615384615396,-0.017817371937639215,0.016666666666666684
0.09090909090909091,0.36923076923076914,0.23162583518930957,-0.04166666666666671
0.21212121212121213,1.169230769230769,1.7371937639198216,1.25
0.21212121212121213,1.1538461538461535,1.728285077951002,1.4000000000000004
0.30303030303030304,0.9538461538461538,1.260579064587973,1.7083333333333335
0.18181818181818182,1.569230769230769,1.692650334075724,1.2333333333333334
0.18181818181818182,1.569230769230769,1.692650334075724,1.933333333333334
0.15151515151515152,1.3692307692307693,2.400890868596882,1.4833333333333336
0.15151515151515152,1.3538461538461537,2.3875278396436523,1.4833333333333336
0.24242424242424243,1.4307692307692303,1.6881959910913138,1.6500000000000001
0.24242424242424243,1.815384615384615,2.3563474387527834,1.6500000000000001
0.09090909090909091,2.246153846153846,3.7149220489977726,3.5333333333333337
0.09090909090909091,2.246153846153846,3.7149220489977726,3.5333333333333337
0.06060606060606061,1.4153846153846152,1.4164810690423162,0.9833333333333335
0.21212121212121213,2.7846153846153836,3.5367483296213806,2.283333333333333
0.06060606060606061,1.3538461538461537,2.053452115812917,1.566666666666667
0.12121212121212122,1.9538461538461536,1.7104677060133626,2.283333333333333
0.06060606060606061,1.3538461538461537,2.053452115812917,1.4833333333333336
0.06060606060606061,1.3538461538461537,2.053452115812917,1.4833333333333336
0.18181818181818182,2.1846153846153844,1.7817371937639195,1.466666666666667
0.18181818181818182,2.1846153846153844,1.7817371937639195,1.6500000000000001
0.18181818181818182,2.1692307692307686,1.7683741648106903,1.6500000000000001
0.3333333333333333,0.4769230769230769,0.4365256124721603,0.2583333333333334
0.3333333333333333,0.4769230769230769,0.4365256124721603,0.2583333333333334
-0.030303030303030304,0.5538461538461539,0.9086859688195988,0.5583333333333333
0.24242424242424243,2.138461538461538,1.4966592427616925,1.2333333333333334
0.15151515151515152,1.2769230769230768,1.420935412026726,1.466666666666667
0.18181818181818182,2.1846153846153844,1.7817371937639195,1.6500000000000001
-0.21212121212121213,0.3538461538461539,1.5902004454342984,0.7500000000000003
0.6666666666666666,1.3846153846153846,0.7706013363028953,1.5583333333333336
-0.030303030303030304,0.5692307692307693,0.913140311804009,0.7416666666666667
-0.030303030303030304,0.5692307692307693,0.913140311804009,0.7416666666666667
-0.030303030303030304,-0.27692307692307677,-0.07126948775055686,0.35000000000000003
0.030303030303030304,1.2307692307692306,1.6258351893095768,1.2333333333333334
0.18181818181818182,0.7999999999999998,1.0957683741648103,1.6083333333333336
0.21212121212121213,0.3538461538461539,0.6057906458797326,0.3666666666666667
0.21212121212121213,0.3538461538461539,0.6057906458797326,0.3666666666666667
0.18181818181818182,1.1076923076923075,1.260579064587973,0.9333333333333335
0.18181818181818182,1.1076923076923075,1.260579064587973,0.9333333333333335
0.21212121212121213,0.9384615384615385,0.7216035634743874,0.6333333333333335
-1.606060606060606,-0.46153846153846134,-0.8596881959910914,-0.5666666666666669
-1.0,-0.33846153846153837,-0.7305122494432071,-0.49166666666666686
-0.8787878787878788,-0.5384615384615383,-0.7216035634743876,-0.6333333333333335
-0.3333333333333333,-0.35384615384615375,-0.20044543429844106,-0.3666666666666668
-0.5454545454545454,-0.29230769230769216,-0.3830734966592428,-0.3916666666666667
-0.36363636363636365,-0.36923076923076903,-0.2939866369710468,-0.2500000000000001
-0.6363636363636364,-0.39999999999999986,-0.23162583518930957,-0.3916666666666667
-1.5757575757575757,-0.8307692307692305,-0.9398663697104678,-0.8166666666666669
-0.36363636363636365,-0.27692307692307677,-0.31180400890868604,-0.4583333333333335
-0.21212121212121213,-0.1076923076923076,-0.1291759465478842,-0.27500000000000013
-1.2727272727272727,-0.35384615384615375,-0.48106904231625836,-0.3666666666666668
-0.696969696969697,-0.18461538461538457,-0.31180400890868604,-0.28333333333333344
-0.9696969696969697,0.09230769230769237,-0.4187082405345212,-0.23333333333333342
-0.696969696969697,-0.18461538461538457,-0.31180400890868604,-0.4000000000000001
-1.121212121212121,-0.04615384615384602,1.8663697104677057,-0.02500000000000003
-1.1515151515151516,-0.5846153846153844,-0.6592427616926504,-0.7083333333333336
-1.393939393939394,-0.7076923076923075,-0.7706013363028954,-0.7333333333333335
-0.9393939393939394,0.10769230769230777,0.2628062360801781,0.2583333333333334
-1.121212121212121,-0.27692307692307677,-0.05345211581291764,-0.41666666666666674
-0.3939393939393939,-0.6923076923076921,-0.4409799554565702,-0.6250000000000001
-1.0,-0.7538461538461537,-0.8329621380846325,-0.6750000000000002
-1.0303030303030303,-0.5846153846153844,-0.5612472160356348,-0.4000000000000001
-1.393939393939394,-0.7692307692307689,-0.6993318485523385,-0.7666666666666668
1.3333333333333333,-0.9692307692307689,-0.8374164810690423,-0.8750000000000002
1.2424242424242424,-0.6153846153846152,-0.8953229398663698,-0.7333333333333335
1.303030303030303,-0.9692307692307689,-0.9220489977728286,-0.8333333333333335
-1.6666666666666667,-1.0615384615384613,-1.1492204899777283,-1.0333333333333337
-1.4848484848484849,-1.0461538461538458,-0.8552338530066815,-0.9916666666666668
-0.42424242424242425,2.1230769230769226,1.5991091314031176,2.891666666666667
0.030303030303030304,1.5230769230769228,1.835189309576837,1.0583333333333333
0.0,0.33846153846153854,0.5211581291759465,0.5333333333333333
0.15151515151515152,1.969230769230769,1.8530066815144766,1.2333333333333334
0.06060606060606061,1.0153846153846153,0.913140311804009,0.9
0.06060606060606061,1.569230769230769,1.3363028953229397,1.3
-0.06060606060606061,1.2153846153846153,0.9042316258351892,1.416666666666667
-0.12121212121212122,0.030769230769230792,0.6592427616926503,0.10833333333333327
0.09090909090909091,1.7999999999999998,1.2293986636971048,1.1583333333333334
0.15151515151515152,1.3692307692307693,2.400890868596882,1.4833333333333336
0.24242424242424243,1.4307692307692303,1.6881959910913138,1.6500000000000001
0.18181818181818182,2.1846153846153844,1.7817371937639195,1.466666666666667
0.15151515151515152,1.2769230769230768,1.420935412026726,1.466666666666667
0.45454545454545453,2.276923076923077,0.5701559020044542,0.9333333333333335
0.12121212121212122,0.9538461538461538,0.9220489977728283,1.416666666666667
0.15151515151515152,1.3846153846153846,1.309576837416481,1.3
0.15151515151515152,1.3692307692307693,1.3006681514476612,1.1250000000000002
-0.12121212121212122,0.030769230769230792,0.6592427616926503,0.4250000000000001
-1.0909090909090908,-0.569230769230769,-0.7661469933184856,-0.6083333333333335
0.42424242424242425,-0.24615384615384597,-0.07126948775055686,-0.09166666666666677
0.21212121212121213,-0.1076923076923076,0.16926503340757232,-0.15833333333333333
0.09090909090909091,1.9999999999999996,1.55456570155902,1.391666666666667
0.30303030303030304,1.0,1.0556792873051224,0.625
0.0,0.030769230769230792,0.44097995545657004,1.475
0.3333333333333333,1.3692307692307693,0.5968819599109129,1.0916666666666668
0.12121212121212122,2.1692307692307686,3.5902004454342986,2.0416666666666674
0.12121212121212122,2.1538461538461537,3.572383073496659,2.0416666666666674
0.15151515151515152,1.0461538461538458,1.1893095768374162,0.9750000000000003
0.15151515151515152,2.2923076923076917,1.8841870824053453,1.466666666666667
0.15151515151515152,2.2923076923076917,1.8841870824053453,1.6500000000000001
0.21212121212121213,1.2307692307692306,0.8106904231625834,0.6416666666666666
0.30303030303030304,0.19999999999999996,0.07126948775055665,0.9666666666666668
0.15151515151515152,2.276923076923077,1.8752783964365252,1.466666666666667
0.15151515151515152,2.2923076923076917,1.8841870824053453,1.466666666666667
0.48484848484848486,1.5846153846153843,1.171492204899777,1.516666666666667
0.09090909090909091,0.7230769230769228,1.0111358574610245,1.3083333333333336
0.09090909090909091,0.7230769230769228,1.0111358574610245,0.9
0.15151515151515152,1.969230769230769,1.8530066815144766,1.2333333333333334
0.15151515151515152,1.969230769230769,1.8530066815144766,1.2333333333333334
0.030303030303030304,2.246153846153846,1.3006681514476612,1.6750000000000003
0.18181818181818182,1.1538461538461535,1.4387527839643652,1.1333333333333337
0.24242424242424243,1.1230769230769229,1.086859688195991,0.6416666666666666
0.24242424242424243,1.1230769230769229,1.086859688195991,0.6916666666666667
-1.2727272727272727,1.1846153846153844,-0.04899777282850794,0.85
-1.2121212121212122,-0.4307692307692306,-0.4142538975501114,-0.4250000000000001
-1.2121212121212122,-0.569230769230769,-0.3563474387527841,-0.4250000000000001
-1.4848484848484849,-0.6461538461538459,-0.9487750556792872,-0.7166666666666669
-0.5757575757575758,-0.2307692307692306,0.0,0.18333333333333335
-1.2424242424242424,-0.04615384615384602,0.9220489977728283,0.3666666666666667
0.0,0.0,0.04008908685968813,-0.1333333333333333
-1.0,-0.38461538461538447,-0.16481069042316263,0.5083333333333333
-0.48484848484848486,0.27692307692307694,-0.08017817371937645,0.20000000000000004
-0.36363636363636365,-0.36923076923076903,-0.423162583518931,-0.24166666666666675
-0.8181818181818182,-0.0923076923076922,-0.3251670378619154,-0.37500000000000017
-1.0909090909090908,-0.41538461538461524,-0.3741648106904232,-0.37500000000000017
-1.303030303030303,-0.4307692307692306,-0.5033407572383074,-0.44166666666666676
-1.0,-0.27692307692307677,-0.5300668151447662,-0.35833333333333345
-0.030303030303030304,-0.16923076923076918,0.03563474387527823,-0.2583333333333334
0.15151515151515152,-0.13846153846153839,-0.008908685968819607,0.0
-1.5454545454545454,-0.5999999999999999,-0.8997772828507795,-0.7583333333333335
-0.30303030303030304,-0.1076923076923076,-0.11581291759465488,-0.1916666666666667
-0.30303030303030304,-0.1076923076923076,-0.11581291759465488,-0.1916666666666667
-0.8484848484848485,-0.41538461538461524,-0.3741648106904232,-0.32500000000000007
-1.0606060606060606,-0.18461538461538457,-0.22717149220489988,-0.3083333333333334
-0.9393939393939394,-0.16923076923076918,-0.07572383073496676,0.02500000000000003
-0.5757575757575758,0.6000000000000001,0.23162583518930957,0.5833333333333335
-0.8787878787878788,-0.12307692307692299,-0.3608017817371938,-0.44166666666666676
-0.30303030303030304,-0.0923076923076922,-0.08017817371937645,-0.03333333333333337
-0.30303030303030304,-0.35384615384615375,-0.2939866369710468,-0.22500000000000006
-0.9090909090909091,-0.0923076923076922,-0.35189309576837424,-0.3416666666666668
-1.303030303030303,-0.32307692307692293,-0.23608017817371948,-0.5500000000000002
-1.303030303030303,-0.4307692307692306,-0.5033407572383074,-0.44166666666666676
-1.303030303030303,-0.4307692307692306,-0.5033407572383074,-0.44166666666666676
-1.5151515151515151,-0.5230769230769229,-0.5167037861915368,-0.46666666666666684
-1.4242424242424243,-0.0923076923076922,-0.5389755011135858,-0.2500000000000001
-1.303030303030303,-0.4307692307692306,-0.5033407572383074,-0.4250000000000001
-1.0606060606060606,-0.36923076923076903,-0.23162583518930957,-0.3416666666666668
-1.0606060606060606,-0.18461538461538457,-0.22717149220489988,0.7000000000000002
-1.5454545454545454,-0.015384615384615396,-0.5300668151447662,-0.4833333333333335
-0.7575757575757576,-0.24615384615384597,-0.12026726057906459,0.31666666666666665
-0.9090909090909091,-0.16923076923076918,0.004454342984409705,-0.5083333333333334
-1.393939393939394,-0.39999999999999986,0.6057906458797326,-0.43333333333333346
-0.9090909090909091,-0.38461538461538447,-0.512249443207127,-0.43333333333333346
-1.0,0.015384615384615396,-0.31180400890868604,-0.1916666666666667
-0.030303030303030304,-0.16923076923076918,0.03563474387527823,-0.2583333333333334
-0.30303030303030304,-0.1076923076923076,-0.11581291759465488,-0.016666666666666684
-1.303030303030303,-0.4307692307692306,-0.5033407572383074,-0.6916666666666669
-1.1515151515151516,-0.46153846153846134,-0.04008908685968833,0.2666666666666668
-1.0909090909090908,-0.2615384615384614,-0.8641425389755012,-0.5416666666666669
-1.696969696969697,-0.9538461538461537,-0.6414253897550112,-0.966666666666667
-1.696969696969697,-0.9538461538461537,-0.6414253897550112,-0.966666666666667
-0.7878787878787878,-0.7384615384615383,-0.8062360801781737,-0.7083333333333336
-0.7878787878787878,-0.7384615384615383,-0.8062360801781737,-0.6000000000000001
-0.7878787878787878,-0.7384615384615383,-0.8106904231625837,-0.6000000000000001
-0.15151515151515152,0.07692307692307697,0.8151447661469932,0.8250000000000002
-1.4848484848484849,-0.7538461538461537,-0.7616926503340757,-0.6416666666666668
-0.3939393939393939,0.030769230769230792,-0.21826280623608027,0.525
-0.3939393939393939,0.030769230769230792,-0.21826280623608027,0.28333333333333344
-1.0909090909090908,-0.569230769230769,-0.9977728285077951,-0.7666666666666668
0.21212121212121213,-0.2307692307692306,0.7126948775055679,0.09166666666666658
-1.5454545454545454,-0.8615384615384613,-0.9844097995545656,-0.8833333333333335
-1.6363636363636365,-1.0615384615384613,-1.131403118040089,-1.0333333333333337
-1.5757575757575757,-1.0307692307692304,-1.1492204899777283,-1.0250000000000001
-0.7878787878787878,-0.4769230769230767,-0.690423162583519,-0.5583333333333335
-1.606060606060606,-1.0615384615384613,-1.1492204899777283,-1.0250000000000001
-1.393939393939394,-0.29230769230769216,-0.7394209354120268,-0.6083333333333335
-1.393939393939394,-0.29230769230769216,-0.7394209354120268,-0.6083333333333335
-1.393939393939394,-0.29230769230769216,-0.7394209354120268,-0.5833333333333335
-0.8787878787878788,-0.32307692307692293,0.07572383073496655,-0.30000000000000004
-1.3333333333333333,-0.30769230769230754,-0.7839643652561248,-0.5916666666666669
-1.606060606060606,-0.46153846153846134,-0.8596881959910914,-0.5666666666666669
-0.06060606060606061,-0.03076923076923062,-0.10244988864142537,0.27500000000000013
0.15151515151515152,0.19999999999999996,0.17817371937639193,-0.09166666666666677
-0.030303030303030304,0.4461538461538461,0.16481069042316243,-0.03333333333333337
-1.2727272727272727,-0.9384615384615382,-1.0913140311804008,-0.9333333333333337
-1.5151515151515151,-0.9076923076923075,-1.0378619153674833,-0.9083333333333335
-1.5151515151515151,-0.9076923076923075,-1.0378619153674833,-0.9083333333333335
-0.6060606060606061,-0.16923076923076918,-0.3563474387527841,-0.18333333333333335
0.18181818181818182,1.7846153846153845,1.198218262806236,1.0583333333333333
-0.030303030303030304,1.0,0.5657015590200445,0.9083333333333335
-0.030303030303030304,1.0,0.5657015590200445,0.625
0.18181818181818182,1.7846153846153845,1.198218262806236,1.0583333333333333
0.18181818181818182,0.5384615384615384,0.5701559020044542,0.7666666666666669
0.18181818181818182,0.5384615384615384,0.5701559020044542,0.5083333333333333
0.06060606060606061,1.5076923076923074,0.7305122494432071,0.6916666666666667
-0.7878787878787878,-0.16923076923076918,3.5100222717149223,-0.27500000000000013
-1.4848484848484849,-0.27692307692307677,-0.5478841870824054,-0.47500000000000014
-0.7575757575757576,-0.015384615384615396,0.4810690423162582,-0.1916666666666667
0.09090909090909091,1.9076923076923074,0.6146993318485521,1.1083333333333334
-0.7575757575757576,-0.5538461538461537,-0.18708240534521173,-0.17500000000000002
-0.06060606060606061,1.1076923076923075,0.4944320712694877,0.5666666666666668
-1.303030303030303,0.923076923076923,8.155902004454342,1.366666666666667
-1.5757575757575757,0.4461538461538461,0.9977728285077949,0.41666666666666674
-0.6363636363636364,-0.46153846153846134,-0.04899777282850794,-0.3083333333333334
-1.4545454545454546,-0.5999999999999999,-0.623608017817372,-0.06666666666666674
0.18181818181818182,1.7846153846153845,1.198218262806236,1.0583333333333333
0.24242424242424243,1.492307692307692,1.060133630289532,1.4500000000000004
-0.18181818181818182,1.9076923076923074,1.4788418708240534,1.2083333333333335
0.12121212121212122,0.6000000000000001,0.7438752783964363,0.5083333333333333
-1.4242424242424243,-0.7999999999999998,-0.8953229398663698,-0.7333333333333335
-0.18181818181818182,1.1846153846153844,0.30734966592427615,0.9333333333333335
-1.5151515151515151,-0.5846153846153844,-0.734966592427617,-0.6500000000000001
-1.4848484848484849,-0.27692307692307677,-0.5434298440979957,-0.37500000000000017
-0.9696969696969697,0.15384615384615394,-0.022271714922049116,-0.10833333333333345
-1.5151515151515151,-0.27692307692307677,-0.5657015590200446,-0.40833333333333344
-1.4242424242424243,-0.6923076923076921,-0.8374164810690423,-0.7333333333333335
-1.4242424242424243,1.0307692307692309,0.8819599109131403,2.1250000000000004
-1.606060606060606,-0.27692307692307677,-0.4320712694877506,-0.37500000000000017
-1.5757575757575757,0.4461538461538461,-0.04008908685968833,0.8833333333333334
-1.5757575757575757,-0.4769230769230767,-0.7928730512249444,-0.49166666666666686
-1.1818181818181819,-0.38461538461538447,1.1314031180400888,-0.49166666666666686
-1.2121212121212122,-0.7538461538461537,-0.8730512249443207,-0.6333333333333335
0.2727272727272727,-0.8615384615384613,-1.051224944320713,-0.9083333333333335
0.8787878787878788,-0.9692307692307689,-1.1135857461024499,-0.966666666666667
0.7272727272727273,-0.7538461538461537,-0.8775055679287306,-0.8750000000000002
0.7272727272727273,-0.7692307692307689,-0.9086859688195991,-0.8250000000000002
1.1515151515151516,-0.8307692307692305,-0.579064587973274,-0.8583333333333335
1.0909090909090908,-0.29230769230769216,3.171492204899778,1.2083333333333335
0.7878787878787878,-0.7846153846153845,-0.9042316258351893,-0.7666666666666668
-0.6060606060606061,-0.5384615384615383,-0.9086859688195991,-0.7000000000000002
0.696969696969697,-0.8461538461538459,-0.801781737193764,-0.8250000000000002
1.3333333333333333,-0.6461538461538459,-0.5657015590200446,-0.7750000000000002
1.3333333333333333,-0.6461538461538459,-0.5657015590200446,-0.7750000000000002
-1.6363636363636365,-0.4769230769230767,-0.6815144766146994,-0.5916666666666669
-1.5454545454545454,-0.9230769230769229,-0.9621380846325167,-0.8916666666666669
0.09090909090909091,1.7999999999999998,1.2293986636971048,1.1583333333333334
-1.3333333333333333,1.2153846153846153,-0.31180400890868604,0.47500000000000014
-1.696969696969697,-0.35384615384615375,-0.32962138084632525,-0.5583333333333335
-1.4545454545454546,-0.6615384615384613,-0.623608017817372,-0.5500000000000002
0.12121212121212122,0.43076923076923074,0.0,0.35000000000000003
0.12121212121212122,0.43076923076923074,0.0,0.35000000000000003
-0.18181818181818182,0.4769230769230769,0.11135857461024498,0.18333333333333335
-0.12121212121212122,0.09230769230769237,0.1291759465478842,-0.09166666666666677
-1.6666666666666667,-0.9692307692307689,-1.0155902004454345,-0.9750000000000002
-1.4545454545454546,-0.38461538461538447,-0.5389755011135858,-0.3916666666666667
-0.5757575757575758,-0.19999999999999996,0.22717149220489968,-0.2500000000000001
0.24242424242424243,0.6769230769230767,0.4187082405345211,0.5750000000000001
0.24242424242424243,0.6769230769230767,0.4187082405345211,0.4000000000000001
-0.3333333333333333,-0.5076923076923076,-0.3964365256124722,-0.5583333333333335
-0.3939393939393939,-0.32307692307692293,-0.34743875278396447,-0.44166666666666676
0.8484848484848485,0.7384615384615383,0.4053452115812916,0.6500000000000001
0.21212121212121213,1.1076923076923075,0.7037861915367482,0.5
0.24242424242424243,0.6769230769230767,0.4187082405345211,0.4000000000000001
-0.24242424242424243,0.09230769230769237,2.516703786191537,1.1750000000000003
1.3333333333333333,-0.9846153846153842,-1.069042316258352,-0.9333333333333337
-0.8787878787878788,0.3538461538461539,0.37416481069042307,-0.17500000000000002
-1.393939393939394,0.923076923076923,1.037861915367483,0.12499999999999996
-1.303030303030303,-0.5846153846153844,-0.8908685968819599,-0.7250000000000002
-0.9696969696969697,-0.29230769230769216,-0.5211581291759466,-0.6333333333333335
-1.2424242424242424,-0.0923076923076922,-0.4409799554565702,-0.2500000000000001
-1.5757575757575757,-0.04615384615384602,0.5612472160356347,0.4250000000000001
-1.606060606060606,-0.0769230769230768,0.7661469933184856,0.7666666666666669
-1.696969696969697,-0.5538461538461537,0.20935412026726047,-0.5750000000000002
-1.696969696969697,-0.5538461538461537,0.20935412026726047,-0.5750000000000002
-1.696969696969697,0.7846153846153845,0.5879732739420934,1.116666666666667
-1.696969696969697,0.7846153846153845,0.5879732739420934,1.116666666666667
-1.0909090909090908,-0.35384615384615375,-0.8730512249443207,-0.5333333333333334
-0.8484848484848485,-0.4307692307692306,-0.8730512249443207,-0.5500000000000002
-0.8484848484848485,-0.4307692307692306,-0.8730512249443207,-0.5500000000000002
-0.8484848484848485,-0.4307692307692306,-0.8730512249443207,-0.5333333333333334
-0.9090909090909091,-0.6461538461538459,-0.8730512249443207,-0.6416666666666668
-1.2424242424242424,-0.569230769230769,-0.9977728285077951,-0.7083333333333336
-1.5151515151515151,-0.5538461538461537,-0.6770601336302896,-0.47500000000000014
-1.606060606060606,-0.7538461538461537,-0.9265033407572383,-0.8583333333333335
-1.2727272727272727,1.1999999999999997,2.9888641425389757,0.17500000000000002
-0.6363636363636364,-0.36923076923076903,-0.8685968819599109,-0.5333333333333334
-0.7878787878787878,-0.7230769230769228,-0.8285077951002228,-0.6583333333333335
-1.303030303030303,1.969230769230769,-0.04454342984409803,0.625
-0.8787878787878788,-0.446153846153846,-0.12472160356347449,0.15833333333333333
-1.6363636363636365,-0.46153846153846134,-0.9755011135857462,-0.6916666666666669
-1.0,-0.9846153846153842,-0.9933184855233852,-0.9500000000000003
-1.606060606060606,-0.9538461538461537,-0.9844097995545656,-0.7916666666666669
-1.5454545454545454,-0.5538461538461537,-0.9487750556792872,-0.7000000000000002
0.0,-0.015384615384615396,-0.21826280623608027,-0.15
0.030303030303030304,0.09230769230769237,0.5167037861915366,-0.17500000000000002
-0.030303030303030304,-0.18461538461538457,-0.14253897550111372,-0.05000000000000006
0.12121212121212122,-0.2307692307692306,-0.06681514476614715,-0.31666666666666676
0.12121212121212122,-0.2307692307692306,-0.06681514476614715,-0.31666666666666676
-0.42424242424242425,-0.6461538461538459,-0.734966592427617,-0.7500000000000002
0.15151515151515152,0.3076923076923077,0.10244988864142537,0.08333333333333325
-0.5454545454545454,-0.6153846153846152,-0.5300668151447662,-0.7000000000000002
-0.5454545454545454,-0.6153846153846152,-0.5300668151447662,-0.7083333333333336
0.30303030303030304,0.32307692307692315,0.23162583518930957,0.02500000000000003
-0.42424242424242425,-0.6923076923076921,-0.7527839643652562,-0.37500000000000017
-0.030303030303030304,-0.18461538461538457,-0.14253897550111372,0.11666666666666661
-0.09090909090909091,-0.12307692307692299,0.24944320712694878,0.07500000000000008
0.30303030303030304,0.32307692307692315,0.23162583518930957,0.02500000000000003
0.21212121212121213,0.13846153846153855,-0.14253897550111372,-0.016666666666666684
0.0,-0.30769230769230754,-0.14253897550111372,-0.31666666666666676
0.18181818181818182,0.09230769230769237,0.04008908685968813,0.17500000000000002
-1.0909090909090908,-0.18461538461538457,-0.267260579064588,-0.4250000000000001
-1.2727272727272727,-0.32307692307692293,-0.6102449888641426,-0.28333333333333344
-1.0909090909090908,-0.16923076923076918,-0.36525612472160357,-0.46666666666666684
0.2727272727272727,0.3999999999999999,-0.017817371937639215,0.21666666666666673
0.3333333333333333,-0.0769230769230768,-0.2717149220489979,-0.22500000000000006
0.8787878787878788,-0.36923076923076903,-0.2717149220489979,-0.22500000000000006
0.36363636363636365,-0.569230769230769,-0.31180400890868604,-0.47500000000000014
-1.696969696969697,2.0461538461538455,1.4298440979955453,2.0500000000000003
-1.696969696969697,2.0461538461538455,1.4298440979955453,2.0500000000000003
-0.9090909090909091,0.07692307692307697,-0.22717149220489988,-0.18333333333333335
-1.5151515151515151,-0.9230769230769229,-1.051224944320713,-0.941666666666667
-1.696969696969697,-0.9230769230769229,-0.8374164810690423,-0.9833333333333335
-1.5454545454545454,-0.9384615384615382,-0.534521158129176,-0.38333333333333347
-1.696969696969697,-0.7384615384615383,-0.7126948775055679,-0.6500000000000001
-1.696969696969697,-0.9230769230769229,-0.8374164810690423,-0.966666666666667
-1.696969696969697,-0.9230769230769229,-0.8374164810690423,-0.9833333333333335
-1.1515151515151516,-0.46153846153846134,0.7126948775055679,-0.16666666666666666
-1.1515151515151516,-0.0923076923076922,-0.4766146993318486,-0.0583333333333334
-1.303030303030303,-0.5076923076923076,-0.6102449888641426,-0.6666666666666669
-0.12121212121212122,-0.32307692307692293,0.1514476614699331,0.7833333333333337
0.12121212121212122,-0.015384615384615396,0.06236080178173705,0.09999999999999992
0.12121212121212122,-0.015384615384615396,0.06236080178173705,-0.008333333333333342
0.06060606060606061,-0.27692307692307677,-0.15144766146993333,-0.20833333333333337
-0.6060606060606061,-0.0923076923076922,0.24053452115812918,0.10833333333333327
-0.06060606060606061,0.015384615384615396,0.6681514476614697,0.7083333333333334
-0.5757575757575758,-0.2307692307692306,0.0,0.18333333333333335
-0.030303030303030304,-0.12307692307692299,-0.12026726057906459,0.09999999999999992
-0.2727272727272727,2.553846153846153,1.1314031180400888,1.833333333333334
-0.2727272727272727,2.553846153846153,1.135857461024499,1.1416666666666668
-0.06060606060606061,0.015384615384615396,0.6681514476614697,0.5833333333333335
-0.7878787878787878,-0.03076923076923062,0.02672605790645882,-0.27500000000000013
-1.0303030303030303,0.5076923076923077,0.1291759465478842,-0.1916666666666667
-1.0909090909090908,0.0,-0.40534521158129183,-0.4000000000000001
-0.36363636363636365,-0.03076923076923062,0.1603563474387527,0.10833333333333327
-0.030303030303030304,-0.12307692307692299,-0.12026726057906459,-0.008333333333333342
-0.6363636363636364,0.36923076923076914,0.1336302895322939,0.4250000000000001
-0.30303030303030304,0.5846153846153846,0.044543429844097836,0.31666666666666665
-1.1818181818181819,0.09230769230769237,0.17817371937639193,-0.14166666666666664
-0.8181818181818182,-0.4923076923076921,-0.3162583518930958,-0.41666666666666674
-1.606060606060606,0.4769230769230769,1.9599109131403119,0.6083333333333333
-0.8484848484848485,-0.5230769230769229,-0.400890868596882,-0.37500000000000017
-0.24242424242424243,0.19999999999999996,0.2360801781737193,0.10833333333333327
-0.24242424242424243,0.19999999999999996,0.2360801781737193,0.10833333333333327
1.121212121212121,-0.7538461538461537,-0.7260579064587973,-0.6583333333333335
-0.18181818181818182,-0.30769230769230754,-0.31180400890868604,-0.3916666666666667
-0.7575757575757576,-0.446153846153846,-0.5746102449888643,-0.16666666666666666
-0.2727272727272727,0.3846153846153845,0.19599109131403114,0.04166666666666671
-0.3939393939393939,-0.015384615384615396,0.14699331848552322,0.02500000000000003
-0.3939393939393939,-0.015384615384615396,0.1425389755011135,0.02500000000000003
-1.3636363636363635,0.4615384615384615,-0.05345211581291764,0.5583333333333333
-0.30303030303030304,0.5846153846153846,0.044543429844097836,0.0583333333333334
